100
1 79 76 125
2 49 53 70
3 66 39 142
4 79 102 67
5 99 24 150
6 59 22 130
7 38 117 110
8 5 108 134
9 24 83 86
10 79 74 145
11 86 100 70
12 18 119 100
13 36 63 148
14 69 31 65
15 72 31 143
16 73 62 141
17 21 21 52
18 8 105 141
19 23 92 97
20 28 39 120
21 7 110 98
22 58 60 83
23 52 109 52
24 62 24 87
25 24 116 107
26 66 107 131
27 66 60 103
28 2 50 76
29 26 96 135
30 44 65 57
31 33 64 136
32 24 48 143
33 13 49 52
34 16 37 103
35 63 45 116
36 1 25 140
37 40 30 105
38 69 55 122
39 44 39 76
40 40 98 101
41 35 83 96
42 14 75 128
43 94 28 52
44 62 32 116
45 87 98 131
46 91 39 145
47 100 93 146
48 86 116 85
49 5 41 54
50 82 43 149
51 44 88 141
52 51 118 127
53 58 71 141
54 70 36 86
55 99 68 148
56 17 62 134
57 41 57 76
58 88 92 128
59 9 47 113
60 83 97 117
61 51 39 150
62 48 116 146
63 98 58 96
64 65 93 105
65 12 42 126
66 53 77 76
67 42 103 92
68 65 80 84
69 91 42 72
70 19 61 132
71 38 112 114
72 85 107 116
73 22 104 63
74 46 59 112
75 20 86 76
76 76 112 87
77 58 105 92
78 69 91 133
79 43 112 97
80 83 45 139
81 74 60 109
82 13 26 146
83 96 90 82
84 86 52 55
85 52 29 101
86 43 118 72
87 79 59 147
88 49 93 105
89 92 39 125
90 16 79 67
91 8 37 149
92 13 85 75
93 34 116 87
94 65 21 134
95 26 23 120
96 23 44 71
97 61 40 65
98 85 46 143
99 55 73 144
100 13 89 135
